<?xml version="1.0" encoding="UTF-8" standalone="no" ?>
<COLLADA xmlns="http://www.collada.org/2005/11/COLLADASchema" version="1.4.1">
    <asset>
        <contributor>
            <authoring_tool>SketchUp 8.0.4811</authoring_tool>
        </contributor>
        <created>2019-12-11T06:56:38Z</created>
        <modified>2019-12-11T06:56:38Z</modified>
        <unit meter="0.0254" name="inch" />
        <up_axis>Z_UP</up_axis>
    </asset>
    <library_cameras>
        <camera id="ID1" name="skp_camera_Last_Saved_SketchUp_View">
            <optics>
                <technique_common>
                    <perspective>
                        <yfov>35</yfov>
                        <aspect_ratio>0</aspect_ratio>
                        <znear>1</znear>
                        <zfar>1000</zfar>
                    </perspective>
                </technique_common>
            </optics>
        </camera>
        <camera id="ID2" name="skp_camera_Escena 1">
            <optics>
                <technique_common>
                    <perspective>
                        <yfov>35</yfov>
                        <aspect_ratio>0</aspect_ratio>
                        <znear>1</znear>
                        <zfar>1000</zfar>
                    </perspective>
                </technique_common>
            </optics>
        </camera>
        <camera id="ID3" name="skp_camera_Escena 2">
            <optics>
                <technique_common>
                    <perspective>
                        <yfov>35</yfov>
                        <aspect_ratio>0</aspect_ratio>
                        <znear>1</znear>
                        <zfar>1000</zfar>
                    </perspective>
                </technique_common>
            </optics>
        </camera>
        <camera id="ID4" name="skp_camera_Escena 3">
            <optics>
                <technique_common>
                    <perspective>
                        <yfov>35</yfov>
                        <aspect_ratio>0</aspect_ratio>
                        <znear>1</znear>
                        <zfar>1000</zfar>
                    </perspective>
                </technique_common>
            </optics>
        </camera>
        <camera id="ID5" name="skp_camera_Escena 4">
            <optics>
                <technique_common>
                    <perspective>
                        <yfov>35</yfov>
                        <aspect_ratio>0</aspect_ratio>
                        <znear>1</znear>
                        <zfar>1000</zfar>
                    </perspective>
                </technique_common>
            </optics>
        </camera>
        <camera id="ID6" name="skp_camera_Escena 5">
            <optics>
                <technique_common>
                    <perspective>
                        <yfov>35</yfov>
                        <aspect_ratio>0</aspect_ratio>
                        <znear>1</znear>
                        <zfar>1000</zfar>
                    </perspective>
                </technique_common>
            </optics>
        </camera>
        <camera id="ID7" name="skp_camera_Escena 6">
            <optics>
                <technique_common>
                    <perspective>
                        <yfov>35</yfov>
                        <aspect_ratio>0</aspect_ratio>
                        <znear>1</znear>
                        <zfar>1000</zfar>
                    </perspective>
                </technique_common>
            </optics>
        </camera>
        <camera id="ID8" name="skp_camera_Escena 7">
            <optics>
                <technique_common>
                    <perspective>
                        <yfov>35</yfov>
                        <aspect_ratio>0</aspect_ratio>
                        <znear>1</znear>
                        <zfar>1000</zfar>
                    </perspective>
                </technique_common>
            </optics>
        </camera>
        <camera id="ID9" name="skp_camera_Escena 8">
            <optics>
                <technique_common>
                    <perspective>
                        <yfov>35</yfov>
                        <aspect_ratio>0</aspect_ratio>
                        <znear>1</znear>
                        <zfar>1000</zfar>
                    </perspective>
                </technique_common>
            </optics>
        </camera>
        <camera id="ID10" name="skp_camera_Escena 9">
            <optics>
                <technique_common>
                    <perspective>
                        <yfov>35</yfov>
                        <aspect_ratio>0</aspect_ratio>
                        <znear>1</znear>
                        <zfar>1000</zfar>
                    </perspective>
                </technique_common>
            </optics>
        </camera>
        <camera id="ID11" name="skp_camera_Escena 10">
            <optics>
                <technique_common>
                    <perspective>
                        <yfov>35</yfov>
                        <aspect_ratio>0</aspect_ratio>
                        <znear>1</znear>
                        <zfar>1000</zfar>
                    </perspective>
                </technique_common>
            </optics>
        </camera>
        <camera id="ID12" name="skp_camera_Escena 11">
            <optics>
                <technique_common>
                    <perspective>
                        <yfov>35</yfov>
                        <aspect_ratio>0</aspect_ratio>
                        <znear>1</znear>
                        <zfar>1000</zfar>
                    </perspective>
                </technique_common>
            </optics>
        </camera>
        <camera id="ID13" name="skp_camera_Escena 12">
            <optics>
                <technique_common>
                    <perspective>
                        <yfov>35</yfov>
                        <aspect_ratio>0</aspect_ratio>
                        <znear>1</znear>
                        <zfar>1000</zfar>
                    </perspective>
                </technique_common>
            </optics>
        </camera>
        <camera id="ID14" name="skp_camera_Escena 13">
            <optics>
                <technique_common>
                    <perspective>
                        <yfov>35</yfov>
                        <aspect_ratio>0</aspect_ratio>
                        <znear>1</znear>
                        <zfar>1000</zfar>
                    </perspective>
                </technique_common>
            </optics>
        </camera>
        <camera id="ID15" name="skp_camera_Escena 14">
            <optics>
                <technique_common>
                    <perspective>
                        <yfov>35</yfov>
                        <aspect_ratio>0</aspect_ratio>
                        <znear>1</znear>
                        <zfar>1000</zfar>
                    </perspective>
                </technique_common>
            </optics>
        </camera>
        <camera id="ID16" name="skp_camera_Escena 15">
            <optics>
                <technique_common>
                    <perspective>
                        <yfov>35</yfov>
                        <aspect_ratio>0</aspect_ratio>
                        <znear>1</znear>
                        <zfar>1000</zfar>
                    </perspective>
                </technique_common>
            </optics>
        </camera>
        <camera id="ID17" name="skp_camera_Escena 16">
            <optics>
                <technique_common>
                    <perspective>
                        <yfov>35</yfov>
                        <aspect_ratio>0</aspect_ratio>
                        <znear>1</znear>
                        <zfar>1000</zfar>
                    </perspective>
                </technique_common>
            </optics>
        </camera>
        <camera id="ID18" name="skp_camera_Escena 17">
            <optics>
                <technique_common>
                    <perspective>
                        <yfov>35</yfov>
                        <aspect_ratio>0</aspect_ratio>
                        <znear>1</znear>
                        <zfar>1000</zfar>
                    </perspective>
                </technique_common>
            </optics>
        </camera>
        <camera id="ID19" name="skp_camera_Escena 18">
            <optics>
                <technique_common>
                    <perspective>
                        <yfov>35</yfov>
                        <aspect_ratio>0</aspect_ratio>
                        <znear>1</znear>
                        <zfar>1000</zfar>
                    </perspective>
                </technique_common>
            </optics>
        </camera>
        <camera id="ID20" name="skp_camera_Escena 19">
            <optics>
                <technique_common>
                    <perspective>
                        <yfov>35</yfov>
                        <aspect_ratio>0</aspect_ratio>
                        <znear>1</znear>
                        <zfar>1000</zfar>
                    </perspective>
                </technique_common>
            </optics>
        </camera>
        <camera id="ID21" name="skp_camera_Escena 20">
            <optics>
                <technique_common>
                    <perspective>
                        <yfov>35</yfov>
                        <aspect_ratio>0</aspect_ratio>
                        <znear>1</znear>
                        <zfar>1000</zfar>
                    </perspective>
                </technique_common>
            </optics>
        </camera>
    </library_cameras>
    <library_visual_scenes>
        <visual_scene id="ID22">
            <node name="SketchUp">
                <instance_geometry url="#ID23">
                    <bind_material>
                        <technique_common>
                            <instance_material symbol="Material2" target="#ID24">
                                <bind_vertex_input semantic="UVSET0" input_semantic="TEXCOORD" input_set="0" />
                            </instance_material>
                            <instance_material symbol="Material3" target="#ID35">
                                <bind_vertex_input semantic="UVSET0" input_semantic="TEXCOORD" input_set="0" />
                            </instance_material>
                            <instance_material symbol="Material4" target="#ID41">
                                <bind_vertex_input semantic="UVSET0" input_semantic="TEXCOORD" input_set="0" />
                            </instance_material>
                            <instance_material symbol="Material5" target="#ID36">
                                <bind_vertex_input semantic="UVSET0" input_semantic="TEXCOORD" input_set="0" />
                            </instance_material>
                            <instance_material symbol="Material6" target="#ID38">
                                <bind_vertex_input semantic="UVSET0" input_semantic="TEXCOORD" input_set="0" />
                            </instance_material>
                        </technique_common>
                    </bind_material>
                </instance_geometry>
                <instance_geometry url="#ID46">
                    <bind_material>
                        <technique_common>
                            <instance_material symbol="Material2" target="#ID35">
                                <bind_vertex_input semantic="UVSET0" input_semantic="TEXCOORD" input_set="0" />
                            </instance_material>
                            <instance_material symbol="Material3" target="#ID41">
                                <bind_vertex_input semantic="UVSET0" input_semantic="TEXCOORD" input_set="0" />
                            </instance_material>
                            <instance_material symbol="Material4" target="#ID51">
                                <bind_vertex_input semantic="UVSET0" input_semantic="TEXCOORD" input_set="0" />
                            </instance_material>
                            <instance_material symbol="Material5" target="#ID36">
                                <bind_vertex_input semantic="UVSET0" input_semantic="TEXCOORD" input_set="0" />
                            </instance_material>
                        </technique_common>
                    </bind_material>
                </instance_geometry>
                <instance_geometry url="#ID61">
                    <bind_material>
                        <technique_common>
                            <instance_material symbol="Material2" target="#ID35">
                                <bind_vertex_input semantic="UVSET0" input_semantic="TEXCOORD" input_set="0" />
                            </instance_material>
                            <instance_material symbol="Material3" target="#ID41">
                                <bind_vertex_input semantic="UVSET0" input_semantic="TEXCOORD" input_set="0" />
                            </instance_material>
                            <instance_material symbol="Material4" target="#ID36">
                                <bind_vertex_input semantic="UVSET0" input_semantic="TEXCOORD" input_set="0" />
                            </instance_material>
                        </technique_common>
                    </bind_material>
                </instance_geometry>
                <instance_geometry url="#ID69">
                    <bind_material>
                        <technique_common>
                            <instance_material symbol="Material2" target="#ID35">
                                <bind_vertex_input semantic="UVSET0" input_semantic="TEXCOORD" input_set="0" />
                            </instance_material>
                            <instance_material symbol="Material3" target="#ID41">
                                <bind_vertex_input semantic="UVSET0" input_semantic="TEXCOORD" input_set="0" />
                            </instance_material>
                            <instance_material symbol="Material4" target="#ID36">
                                <bind_vertex_input semantic="UVSET0" input_semantic="TEXCOORD" input_set="0" />
                            </instance_material>
                        </technique_common>
                    </bind_material>
                </instance_geometry>
                <instance_geometry url="#ID77">
                    <bind_material>
                        <technique_common>
                            <instance_material symbol="Material2" target="#ID35">
                                <bind_vertex_input semantic="UVSET0" input_semantic="TEXCOORD" input_set="0" />
                            </instance_material>
                            <instance_material symbol="Material3" target="#ID51">
                                <bind_vertex_input semantic="UVSET0" input_semantic="TEXCOORD" input_set="0" />
                            </instance_material>
                            <instance_material symbol="Material4" target="#ID36">
                                <bind_vertex_input semantic="UVSET0" input_semantic="TEXCOORD" input_set="0" />
                            </instance_material>
                        </technique_common>
                    </bind_material>
                </instance_geometry>
                <instance_geometry url="#ID87">
                    <bind_material>
                        <technique_common>
                            <instance_material symbol="Material2" target="#ID35">
                                <bind_vertex_input semantic="UVSET0" input_semantic="TEXCOORD" input_set="0" />
                            </instance_material>
                            <instance_material symbol="Material3" target="#ID51">
                                <bind_vertex_input semantic="UVSET0" input_semantic="TEXCOORD" input_set="0" />
                            </instance_material>
                            <instance_material symbol="Material4" target="#ID36">
                                <bind_vertex_input semantic="UVSET0" input_semantic="TEXCOORD" input_set="0" />
                            </instance_material>
                        </technique_common>
                    </bind_material>
                </instance_geometry>
                <instance_geometry url="#ID97">
                    <bind_material>
                        <technique_common>
                            <instance_material symbol="Material2" target="#ID35">
                                <bind_vertex_input semantic="UVSET0" input_semantic="TEXCOORD" input_set="0" />
                            </instance_material>
                            <instance_material symbol="Material3" target="#ID41">
                                <bind_vertex_input semantic="UVSET0" input_semantic="TEXCOORD" input_set="0" />
                            </instance_material>
                            <instance_material symbol="Material4" target="#ID36">
                                <bind_vertex_input semantic="UVSET0" input_semantic="TEXCOORD" input_set="0" />
                            </instance_material>
                        </technique_common>
                    </bind_material>
                </instance_geometry>
                <instance_geometry url="#ID105">
                    <bind_material>
                        <technique_common>
                            <instance_material symbol="Material2" target="#ID35">
                                <bind_vertex_input semantic="UVSET0" input_semantic="TEXCOORD" input_set="0" />
                            </instance_material>
                            <instance_material symbol="Material3" target="#ID51">
                                <bind_vertex_input semantic="UVSET0" input_semantic="TEXCOORD" input_set="0" />
                            </instance_material>
                            <instance_material symbol="Material4" target="#ID36">
                                <bind_vertex_input semantic="UVSET0" input_semantic="TEXCOORD" input_set="0" />
                            </instance_material>
                        </technique_common>
                    </bind_material>
                </instance_geometry>
                <instance_geometry url="#ID115">
                    <bind_material>
                        <technique_common>
                            <instance_material symbol="Material2" target="#ID36">
                                <bind_vertex_input semantic="UVSET0" input_semantic="TEXCOORD" input_set="0" />
                            </instance_material>
                        </technique_common>
                    </bind_material>
                </instance_geometry>
                <instance_geometry url="#ID119">
                    <bind_material>
                        <technique_common>
                            <instance_material symbol="Material2" target="#ID36">
                                <bind_vertex_input semantic="UVSET0" input_semantic="TEXCOORD" input_set="0" />
                            </instance_material>
                        </technique_common>
                    </bind_material>
                </instance_geometry>
                <instance_geometry url="#ID123">
                    <bind_material>
                        <technique_common>
                            <instance_material symbol="Material2" target="#ID36">
                                <bind_vertex_input semantic="UVSET0" input_semantic="TEXCOORD" input_set="0" />
                            </instance_material>
                        </technique_common>
                    </bind_material>
                </instance_geometry>
                <node name="skp_camera_Last_Saved_SketchUp_View">
                    <matrix>-0.6654231 -0.3158629 0.6763451 294.237 0.7464664 -0.2815699 0.6029148 102.9889 2.775558e-17 0.9060624 0.4231442 68.01683 0 0 0 1</matrix>
                    <instance_camera url="#ID1" />
                </node>
                <node name="skp_camera_Escena 1">
                    <matrix>-0.215938 -0.06000771 -0.9745613 -231.0294 -0.9764071 0.01327105 0.2155298 -7.41994 3.469447e-18 0.9981097 -0.06145767 27.14934 0 0 0 1</matrix>
                    <instance_camera url="#ID2" />
                </node>
                <node name="skp_camera_Escena 2">
                    <matrix>-0.543981 0.00987465 -0.8390394 -177.0266 -0.8390976 -0.006401666 0.5439433 123.4464 -1.734723e-18 0.9999307 0.01176818 56.3284 0 0 0 1</matrix>
                    <instance_camera url="#ID3" />
                </node>
                <node name="skp_camera_Escena 3">
                    <matrix>-0.6584709 0.07708196 -0.7486485 -143.9815 -0.7526062 -0.06744061 0.6550081 164.0494 0 0.9947413 0.10242 89.46887 0 0 0 1</matrix>
                    <instance_camera url="#ID4" />
                </node>
                <node name="skp_camera_Escena 4">
                    <matrix>-0.6584709 0.07708196 -0.7486485 -130.6752 -0.7526062 -0.06744061 0.6550081 180.6848 0 0.9947413 0.10242 80.34397 0 0 0 1</matrix>
                    <instance_camera url="#ID5" />
                </node>
                <node name="skp_camera_Escena 5">
                    <matrix>-0.6584709 0.07708196 -0.7486485 -75.47532 -0.7526062 -0.06744061 0.6550081 147.3006 -6.938894e-18 0.9947413 0.10242 61.70726 0 0 0 1</matrix>
                    <instance_camera url="#ID6" />
                </node>
                <node name="skp_camera_Escena 6">
                    <matrix>-0.6584709 0.07708196 -0.7486485 -9.157222 -0.7526062 -0.06744061 0.6550081 110.5676 -6.938894e-18 0.9947413 0.10242 42.20494 0 0 0 1</matrix>
                    <instance_camera url="#ID7" />
                </node>
                <node name="skp_camera_Escena 7">
                    <matrix>-0.6584709 0.07708196 -0.7486485 54.51055 -0.7526062 -0.06744061 0.6550081 78.77066 -2.081668e-17 0.9947413 0.10242 25.88146 0 0 0 1</matrix>
                    <instance_camera url="#ID8" />
                </node>
                <node name="skp_camera_Escena 8">
                    <matrix>-0.6315762 0.4231498 -0.6496581 68.95652 -0.7753137 -0.3447009 0.5292163 60.36216 8.326673e-17 0.8379293 0.5457788 90.55607 0 0 0 1</matrix>
                    <instance_camera url="#ID9" />
                </node>
                <node name="skp_camera_Escena 9">
                    <matrix>-0.6315762 0.4231498 -0.6496581 77.22062 -0.7753137 -0.3447009 0.5292163 77.3568 -8.326673e-17 0.8379293 0.5457788 83.91418 0 0 0 1</matrix>
                    <instance_camera url="#ID10" />
                </node>
                <node name="skp_camera_Escena 10">
                    <matrix>0.2540124 0.5098594 -0.8219009 51.85618 -0.9672009 0.1339025 -0.2158528 -33.42554 0 0.8497726 0.5271494 81.55817 0 0 0 1</matrix>
                    <instance_camera url="#ID11" />
                </node>
                <node name="skp_camera_Escena 11">
                    <matrix>0.8846108 0.1070872 -0.4538678 109.9802 -0.46633 0.2031406 -0.8609706 -135.31 0 0.973276 0.2296383 34.57178 0 0 0 1</matrix>
                    <instance_camera url="#ID12" />
                </node>
                <node name="skp_camera_Escena 12">
                    <matrix>0.947196 -0.08063558 0.3103509 234.6188 0.3206552 0.2381926 -0.9167576 -144.4085 -1.387779e-17 0.9678648 0.2514713 38.13257 0 0 0 1</matrix>
                    <instance_camera url="#ID13" />
                </node>
                <node name="skp_camera_Escena 13">
                    <matrix>0.5761852 -0.287204 0.7651957 309.1071 0.8173192 0.2024701 -0.5394397 -82.61649 2.775558e-17 0.9362263 0.3513976 54.49715 0 0 0 1</matrix>
                    <instance_camera url="#ID14" />
                </node>
                <node name="skp_camera_Escena 14">
                    <matrix>0.2678443 -0.3382616 0.90213 331.511 0.9634622 0.09403736 -0.2507938 -35.39113 0 0.9363419 0.3510896 54.44677 0 0 0 1</matrix>
                    <instance_camera url="#ID15" />
                </node>
                <node name="skp_camera_Escena 15">
                    <matrix>-0.0773624 -0.1667633 0.9829573 344.5068 0.997003 -0.01293999 0.07627252 17.53543 1.734723e-18 0.985912 0.1672646 25.08457 0 0 0 1</matrix>
                    <instance_camera url="#ID16" />
                </node>
                <node name="skp_camera_Escena 16">
                    <matrix>-0.06274395 -0.4726267 0.8790262 327.1604 0.9980296 -0.02971301 0.05526246 14.02878 1.387779e-17 0.8807616 0.4735598 76.20631 0 0 0 1</matrix>
                    <instance_camera url="#ID17" />
                </node>
                <node name="skp_camera_Escena 17">
                    <matrix>-0.06274395 -0.4726267 0.8790262 327.1604 0.9980296 -0.02971301 0.05526246 14.02878 1.387779e-17 0.8807616 0.4735598 76.20631 0 0 0 1</matrix>
                    <instance_camera url="#ID18" />
                </node>
                <node name="skp_camera_Escena 18">
                    <matrix>-0.6654231 -0.3158629 0.6763451 294.237 0.7464664 -0.2815699 0.6029148 102.9889 2.775558e-17 0.9060624 0.4231442 68.01683 0 0 0 1</matrix>
                    <instance_camera url="#ID19" />
                </node>
                <node name="skp_camera_Escena 19">
                    <matrix>-0.9389139 -0.06299233 0.3383381 239.8537 0.3441521 -0.1718553 0.923052 154.4971 0 0.9831061 0.1830363 29.3849 0 0 0 1</matrix>
                    <instance_camera url="#ID20" />
                </node>
                <node name="skp_camera_Escena 20">
                    <matrix>-0.9389139 -0.06299233 0.3383381 239.8537 0.3441521 -0.1718553 0.923052 154.4971 0 0.9831061 0.1830363 29.3849 0 0 0 1</matrix>
                    <instance_camera url="#ID21" />
                </node>
            </node>
        </visual_scene>
    </library_visual_scenes>
    <library_geometries>
        <geometry id="ID23">
            <mesh>
                <source id="ID29">
